4294967293,131
4294967293,130
4294967293,129
4294967293,128
4294967293,127
4294967293,126
4294967293,125
4294967293,124
4294967293,123
4294967293,122
4294967293,121
4294967293,120
4294967293,119
4294967293,118
4294967293,117
4294967293,116
4294967293,115
4294967293,114
4294967293,113
4294967293,112
4294967293,111
4294967293,110
4294967293,109
4294967293,108
4294967293,107
4294967293,106
4294967293,105
4294967293,104
4294967293,103
4294967293,102
4294967293,101
4294967293,100
4294967293,99
4294967293,98
4294967293,97
4294967293,96
4294967293,95
4294967293,94
4294967293,93
4294967293,92
4294967293,91
4294967293,90
4294967293,89
4294967293,87
4294967293,86
4294967293,85
4294967293,84
4294967293,83
4294967293,82
4294967293,81
4294967293,80
4294967293,79
4294967293,78
4294967293,77
4294967293,76
4294967293,75
4294967293,74
4294967293,73
4294967293,72
4294967293,71
4294967293,70
4294967293,69
4294967293,68
4294967293,67
4294967293,66
4294967293,65
4294967293,64
4294967293,63
4294967293,62
4294967293,61
4294967293,60
4294967293,59
4294967293,58
4294967293,57
4294967293,56
4294967293,55
4294967293,54
4294967293,53
4294967293,52
4294967293,51
4294967293,50
4294967293,49
4294967293,48
4294967293,47
4294967293,46
4294967293,45
4294967293,44
4294967293,43
4294967293,42
4294967293,41
4294967293,40
4294967293,39
4294967293,38
4294967293,37
4294967293,36
4294967293,35
4294967293,34
4294967293,33
4294967293,32
4294967293,31
4294967293,30
4294967293,29
4294967293,28
4294967293,27
4294967293,26
4294967293,25
4294967293,24
4294967293,23
4294967293,22
4294967293,21
4294967293,20
4294967293,19
4294967293,18
4294967293,17
4294967293,16
4294967293,15
4294967293,14
4294967293,13
4294967293,12
4294967293,11
4294967293,10
4294967293,9
4294967293,8
4294967293,7
4294967293,6
4294967293,5
4294967293,4
4294967293,3
4294967278,107
4294967278,96
4294967278,95
4294967278,94
4294967278,93
4294967278,91
4294967278,90
4294967278,87
4294967278,86
4294967278,84
4294967278,83
4294967278,82
4294967278,81
4294967278,60
4294967278,59
4294967278,58
4294967278,55
4294967278,54
4294967278,53
4294967278,51
4294967278,50
4294967278,49
4294967278,48
4294967278,46
4294967278,45
4294967278,44
4294967278,43
4294967278,42
4294967278,41
4294967278,40
4294967278,39
4294967278,38
4294967278,37
4294967278,36
4294967278,35
4294967278,34
4294967278,33
4294967278,32
4294967278,31
4294967278,30
4294967278,29
4294967278,28
4294967278,27
4294967278,26
4294967278,25
4294967278,24
4294967278,23
4294967278,22
4294967278,21
4294967278,20
4294967278,19
4294967278,18
4294967278,0
4294967278,260
4294967279,101
4294967279,93
4294967279,82
4294967279,72
4294967279,66
4294967279,65
4294967279,63
4294967279,59
4294967279,58
4294967279,55
4294967279,54
4294967279,52
4294967279,51
4294967279,50
4294967279,49
4294967279,48
4294967279,46
4294967279,45
4294967279,43
4294967279,42
4294967279,41
4294967279,40
4294967279,35
4294967279,34
4294967279,32
4294967279,31
4294967279,27
4294967279,25
4294967279,414
4294967279,88
4294967279,0
4294967279,260
4294967294,1433
4294967294,2243
4294967294,2248
4294967294,988
4294967294,1450
4294967294,2247
4294967294,989
4294967294,1435
4294967294,477
4294967294,479
4294967294,2359
4294967294,1448
4294967294,2245
4294967294,1700
4294967294,99
1,0
4294967294,104
4294967294,106
4294967294,808
4294967294,806
4294967294,804
4294967294,803
4294967294,801
4294967294,255
4294967294,799
4294967294,798
4294967294,796
4294967294,794
4294967294,793
4294967294,789
4294967294,788
4294967294,787
4294967294,785
4294967294,784
4294967294,783
4294967294,782
4294967294,781
4294967294,780
4294967294,779
4294967294,778
4294967294,777
4294967294,776
4294967294,229
4294967294,249
4294967294,770
4294967294,769
4294967294,768
4294967294,765
4294967294,764
4294967294,763
4294967294,251
4294967294,761
4294967294,759
4294967294,758
4294967294,757
4294967294,756
4294967294,755
4294967294,753
4294967294,752
4294967294,749
4294967294,747
4294967294,746
4294967294,744
4294967294,743
4294967294,2354
4294967294,741
4294967294,735
4294967294,734
4294967294,731
4294967294,729
4294967294,728
4294967294,727
4294967294,726
4294967294,724
4294967294,723
4294967294,248
4294967294,722
4294967294,719
4294967294,718
4294967294,716
4294967294,715
4294967294,713
4294967294,712
4294967294,710
4294967294,707
4294967294,706
4294967294,705
4294967294,704
4294967294,703
4294967294,702
4294967294,701
4294967294,700
4294967294,699
4294967294,698
4294967294,697
4294967294,696
4294967294,693
4294967294,691
4294967294,690
4294967294,689
4294967294,688
4294967294,686
4294967294,685
4294967294,684
4294967294,682
4294967294,681
4294967294,680
4294967294,679
4294967294,677
4294967294,676
4294967294,675
4294967294,674
4294967294,673
4294967294,670
4294967294,669
4294967294,667
4294967294,664
4294967294,663
4294967294,659
4294967294,657
4294967294,253
4294967294,245
4294967294,654
4294967294,243
4294967294,652
4294967294,651
4294967294,650
4294967294,647
4294967294,643
4294967294,241
4294967294,642
4294967294,641
4294967294,640
4294967294,639
4294967294,636
4294967294,635
4294967294,634
4294967294,629
4294967294,628
4294967294,627
4294967294,626
4294967294,625
4294967294,624
4294967294,623
4294967294,622
4294967294,621
4294967294,620
4294967294,619
4294967294,618
4294967294,615
4294967294,614
4294967294,613
4294967294,612
4294967294,236
4294967294,611
4294967294,609
4294967294,608
4294967294,607
4294967294,606
4294967294,605
4294967294,604
4294967294,603
4294967294,601
4294967294,600
4294967294,598
4294967294,240
4294967294,596
4294967294,595
4294967294,594
4294967294,593
4294967294,592
4294967294,591
4294967294,587
4294967294,585
4294967294,584
4294967294,583
4294967294,581
4294967294,231
4294967294,580
4294967294,579
4294967294,578
4294967294,234
4294967294,319
4294967294,318
4294967294,315
4294967294,314
4294967294,312
4294967294,233
4294967294,311
4294967294,305
4294967294,304
4294967294,303
4294967294,302
4294967294,298
4294967294,297
4294967294,296
4294967294,295
4294967294,291
4294967294,285
4294967294,227
4294967294,283
4294967294,282
4294967294,281
4294967294,280
4294967294,279
4294967294,277
4294967294,276
4294967294,275
4294967294,274
4294967294,273
4294967294,271
4294967294,247
4294967294,268
4294967294,267
4294967294,266
4294967294,265
4294967294,264
4294967294,263
4294967294,262
4294967294,260
4294967294,259
4294967294,258
4294967294,257
4294967294,256
4294967294,222
4294967294,220
4294967294,219
4294967294,218
4294967294,216
4294967294,215
4294967294,225
4294967294,209
4294967294,207
4294967294,254
4294967294,206
4294967294,205
4294967294,214
4294967294,203
4294967294,200
4294967294,242
4294967294,228
4294967294,213
4294967294,199
4294967294,223
4294967294,197
4294967294,196
4294967294,239
4294967294,230
4294967294,232
4294967294,252
4294967294,250
4294967294,246
4294967294,224
4294967294,238
4294967294,226
4294967294,244
4294967294,683
4294967294,235
4294967294,72
4294967294,599
4294967294,70
4294967294,237
4294967294,71
4294967294,2352
4294967294,1764
4294967294,1777
4294967294,1699
4294967294,885
4294967294,1417
4294967294,1698
4294967294,1436
4294967294,1696
4294967294,1697
4294967294,863
4294967294,836
4294967294,1021
4294967294,140
4294967294,877
4294967279,493
4294967279,492
4294967279,491
4294967279,490
4294967279,489
4294967279,488
4294967279,487
4294967279,486
4294967279,485
4294967279,484
4294967279,483
4294967279,391
4294967278,318
4294967278,412
4294967279,482
4294967294,1431
4294967294,880
4294967294,1695
4294967294,1442
4294967294,833
4294967294,1693
4294967294,1692
4294967294,1694
4294967294,1438
4294967294,834
4294967294,835
4294967294,1691
4294967294,1773
4294967294,832
4294967294,2240
4294967294,1054
4294967294,1941
4294967294,1690
4294967294,390
4294967294,879
4294967294,1689
4294967294,138
4294967294,876
4294967294,130
4294967294,1774
4294967294,1765
4294967294,1736
4294967294,1458
4294967294,890
4294967294,894
4294967294,887
4294967294,1939
4294967294,161
4294967294,1688
4294967294,1687
4294967294,1737
4294967294,1967
4294967294,1686
4294967294,1685
4294967294,886
4294967294,878
4294967279,318
4294967278,309
4294967278,302
4294967279,229
4294967278,410
4294967278,407
4294967278,406
4294967278,405
4294967279,478
4294967279,384
4294967278,311
4294967279,319
4294967278,310
4294967279,309
4294967279,477
4294967278,320
4294967278,319
4294967279,386
4294967279,317
4294967278,308
4294967279,311
4294967279,310
4294967278,300
4294967279,304
4294967278,294
4294967279,303
4294967279,297
4294967279,481
4294967279,476
4294967279,470
4294967278,409
4294967278,400
4294967278,411
4294967278,397
4294967294,1928
4294967294,1684
4294967294,2303
4294967294,1756
4294967294,1053
4294967294,1682
4294967294,1752
4294967294,1681
4294967294,1680
4294967294,1749
4294967294,1751
4294967294,1753
4294967294,1754
4294967294,1748
4294967294,1018
4294967294,168
4294967294,178
4294967294,413
4294967294,129
4294967294,7
4294967294,6
4294967294,1677
4294967294,1750
4294967294,156
4294967294,1743
4294967294,1746
4294967294,1747
4294967294,1740
4294967294,1732
4294967294,1738
4294967294,1674
4294967294,131
4294967294,1739
4294967294,1742
4294967294,1735
4294967294,1729
4294967294,1672
4294967294,155
4294967294,1733
4294967294,1731
4294967294,1052
4294967294,1446
4294967294,1670
4294967294,444
4294967294,1730
4294967294,1468
4294967294,1668
4294967294,423
4294967294,1471
4294967294,1667
4294967294,120
4294967294,1464
4294967294,1666
4294967294,1460
4294967294,1452
4294967294,1665
4294967294,1421
4294967294,1466
4294967294,1451
4294967294,443
4294967294,438
4294967294,1455
4294967294,165
4294967294,432
4294967294,1051
4294967294,892
4294967294,891
4294967294,8
4294967294,5
4294967294,125
4294967294,3
4294967294,1594
4294967294,1593
4294967294,1592
4294967294,1591
4294967294,1590
4294967294,1588
4294967294,1589
4294967294,1587
4294967294,1586
4294967294,1585
4294967294,1584
4294967294,1583
4294967294,1582
4294967294,1581
4294967294,1580
4294967294,1579
4294967294,1578
4294967294,2246
4294967294,395
4294967279,312
4294967278,289
4294967278,402
4294967278,401
4294967279,469
4294967279,468
4294967279,480
4294967279,463
4294967278,392
4294967278,408
4294967278,399
4294967278,391
4294967278,398
4294967278,390
4294967279,479
4294967279,467
4294967279,466
4294967279,474
4294967279,465
4294967279,462
4294967278,396
4294967279,464
4294967279,461
4294967279,473
4294967279,472
4294967279,471
4294967278,403
4294967278,288
4294967278,395
4294967294,452
4294967294,151
4294967294,1758
4294967294,46
4294967294,128
4294967294,449
